1 0.002452
2 0.015064
3 0.004219
4 0.019162
5 0.004434
6 0.006718
7 0.019551
8 0.006109
9 0.006591
10 0.007205
11 0.009015
12 0.008778
13 0.008622
14 0.013063
15 0.019280
16 0.010054
17 0.012117
18 0.017861
19 0.013499
20 0.016358
21 0.013956
22 0.017048
23 0.018577
24 0.027118
25 0.019324
26 0.019712
27 0.021205
28 0.020786
29 0.021939
30 0.028067
31 0.028330
32 0.026876
33 0.028731
34 0.030081
35 0.041050
36 0.028895
37 0.030711
38 0.041896
39 0.032992
40 0.053689
41 0.047833
42 0.048751
43 0.045144
44 0.044671
45 0.043880
46 0.051954
47 0.062564
48 0.043931
49 0.055279
50 0.058750
51 0.050366
52 0.057574
53 0.065399
54 0.060874
55 0.063567
56 0.061698
57 0.075585
58 0.068702
59 0.076866
60 0.073758
61 0.070894
62 0.075292
63 0.082575
64 0.081577
65 0.077711
66 0.078274
67 0.088160
68 0.093166
69 0.097725
70 0.098737
71 0.102728
72 0.096811
73 0.100778
74 0.099005
75 0.110673
76 0.102485
77 0.114105
78 0.114316
79 0.124371
80 0.119316
81 0.124620
82 0.117880
83 0.128625
84 0.127864
85 0.129186
86 0.137110
87 0.141018
88 0.143875
89 0.146444
90 0.141429
91 0.146701
92 0.156506
93 0.150525
94 0.148540
95 0.154510
96 0.166612
97 0.149510
98 0.157399
99 0.161524
100 0.168137
101 0.171174
102 0.178064
103 0.168133
104 0.176722
105 0.185147
106 0.200642
107 0.192986
108 0.198815
109 0.196672
110 0.212531
111 0.214505
112 0.210684
113 0.222241
114 0.221229
115 0.223007
116 0.222200
117 0.230055
118 0.227770
119 0.234211
120 0.257622
121 0.246082
122 0.259325
123 0.252480
124 0.246626
125 0.239068
126 0.240050
127 0.245069
128 0.249240
129 0.261388
130 0.286726
131 0.285520
132 0.271692
133 0.293392
134 0.276618
135 0.273383
136 0.295115
137 0.318410
138 0.289558
139 0.302250
140 0.307278
141 0.327289
142 0.311365
143 0.319924
144 0.317343
145 0.333599
146 0.347873
147 0.346321
148 0.337241
149 0.349042
150 0.371311
151 0.346461
152 0.372275
153 0.364277
154 0.364023
155 0.352478
156 0.368177
157 0.394754
158 0.376580
159 0.395382
160 0.392226
161 0.409242
162 0.416676
163 0.435100
164 0.414107
165 0.424622
166 0.410791
167 0.412622
168 0.436092
169 0.454357
170 0.445025
171 0.422955
172 0.442769
173 0.475689
174 0.484347
175 0.479901
176 0.479474
177 0.493294
178 0.487833
179 0.471708
180 0.498418
181 0.460105
182 0.495001
183 0.537322
184 0.477788
185 0.504661
186 0.521567
187 0.531459
188 0.544447
189 0.546371
190 0.535655
191 0.555261
192 0.554849
193 0.594384
194 0.561546
195 0.568716
196 0.580502
197 0.608364
198 0.592520
199 0.590662
200 0.599910
201 0.588747
202 0.587045
203 0.599209
204 0.583855
205 0.620281
206 0.629000
207 0.633293
208 0.640241
209 0.657980
210 0.669410
211 0.672784
212 0.636106
213 0.678579
214 0.672838
215 0.681948
216 0.696560
217 0.664208
218 0.665301
219 0.713382
220 0.731052
221 0.732129
222 0.733888
223 0.703022
224 0.751241
225 0.765271
226 0.730393
227 0.762439
228 0.776171
229 0.760187
230 0.794249
231 0.877129
232 0.777972
233 0.802732
234 0.806636
235 0.784443
236 0.806038
237 0.827709
238 0.826765
239 0.846591
240 0.865670
241 0.852627
242 0.869602
243 0.853164
244 0.877618
245 0.881490
246 0.899165
247 0.866963
248 0.903854
249 0.934900
250 0.875051
251 0.909642
252 0.914657
253 0.944539
254 0.952363
255 0.906047
256 0.932708
257 0.930223
258 0.964149
259 0.951549
260 0.921667
261 0.996878
262 0.994107
263 0.948486
264 1.002655
265 1.022635
266 1.006514
267 0.987616
268 1.033802
269 1.053105
270 0.997454
271 1.059998
272 1.101478
273 1.062832
274 1.089698
275 1.119660
276 1.114114
277 1.105733
278 1.134916
279 1.162815
280 1.124944
281 1.091975
282 1.160321
283 1.102016
284 1.179393
285 1.186996
286 1.192647
287 1.168254
288 1.199517
289 1.137882
290 1.197956
291 1.238820
292 1.228531
293 1.204345
294 1.235373
295 1.222848
296 1.282674
297 1.256424
298 1.192306
299 1.273092
300 1.281146
301 1.324646
302 1.303971
303 1.335259
304 1.334774
305 1.286292
306 1.354559
307 1.360919
308 1.364272
309 1.383070
310 1.302632
311 1.387622
312 1.419409
313 1.413859
314 1.342450
315 1.411316
316 1.404127
317 1.446411
318 1.476642
319 1.459099
320 1.438210
321 1.452941
322 1.496648
323 1.461011
324 1.471524
325 1.522180
326 1.508043
327 1.541750
328 1.488935
329 1.544654
330 1.549553
331 1.533520
332 1.576182
333 1.585478
334 1.612128
335 1.551168
336 1.606434
337 1.645525
338 1.592724
339 1.577644
340 1.638206
341 1.616119
342 1.700696
343 1.669108
344 1.668381
345 1.675243
346 1.684940
347 1.707206
348 1.762824
349 1.717019
350 1.761885
