1 0.016949
2 0.003602
3 0.014457
4 0.007504
5 0.007406
6 0.008773
7 0.009528
8 0.015925
9 0.011342
10 0.024877
11 0.016401
12 0.023552
13 0.018064
14 0.022171
15 0.030026
16 0.023426
17 0.025541
18 0.028798
19 0.032562
20 0.033960
21 0.034440
22 0.037332
23 0.031213
24 0.037187
25 0.041407
26 0.044714
27 0.050368
28 0.039959
29 0.040794
30 0.043325
31 0.052341
32 0.046297
33 0.050187
34 0.057600
35 0.058051
36 0.051655
37 0.061151
38 0.052007
39 0.062525
40 0.062861
41 0.076677
42 0.068710
43 0.067697
44 0.069683
45 0.072313
46 0.064127
47 0.081675
48 0.068699
49 0.070143
50 0.093525
51 0.077292
52 0.092774
53 0.091359
54 0.092709
55 0.089545
56 0.093165
57 0.090209
58 0.089821
59 0.101203
60 0.097517
61 0.093598
62 0.105645
63 0.100675
64 0.098141
65 0.104216
66 0.108436
67 0.102711
68 0.110696
69 0.114804
70 0.119168
71 0.121134
72 0.121763
73 0.124799
74 0.131238
75 0.130145
76 0.134809
77 0.130764
78 0.133516
79 0.133625
80 0.135761
81 0.140591
82 0.146831
83 0.139817
84 0.145714
85 0.152378
86 0.151140
87 0.138041
88 0.154868
89 0.148940
90 0.157035
91 0.153436
92 0.160739
93 0.159151
94 0.160939
95 0.171373
96 0.149212
97 0.158013
98 0.155499
99 0.172165
100 0.177533
101 0.172032
102 0.175088
103 0.164134
104 0.163911
105 0.185019
106 0.185675
107 0.185420
108 0.182701
109 0.177487
110 0.190495
111 0.193668
112 0.201675
113 0.204247
114 0.211115
115 0.199928
116 0.212904
117 0.202970
118 0.206616
119 0.200524
120 0.203134
121 0.215064
122 0.218532
123 0.224121
124 0.272431
125 0.206287
126 0.198982
127 0.201276
128 0.204849
129 0.229704
130 0.231352
131 0.222798
132 0.246736
133 0.241239
134 0.225017
135 0.229927
136 0.241987
137 0.262332
138 0.226498
139 0.240234
140 0.249473
141 0.269351
142 0.257617
143 0.250919
144 0.250044
145 0.254734
146 0.283096
147 0.289465
148 0.251957
149 0.268050
150 0.251557
151 0.265819
152 0.279307
153 0.265012
154 0.291949
155 0.274254
156 0.284631
157 0.278590
158 0.286823
159 0.284238
160 0.293469
161 0.292942
162 0.285067
163 0.291361
164 0.299634
165 0.306200
166 0.294309
167 0.301490
168 0.295172
169 0.290261
170 0.316735
171 0.302795
172 0.291981
173 0.325938
174 0.314429
175 0.328764
176 0.327550
177 0.334174
178 0.325553
179 0.333053
180 0.336780
181 0.335137
182 0.319758
183 0.331107
184 0.307757
185 0.332698
186 0.338421
187 0.356582
188 0.348823
189 0.347381
190 0.345012
191 0.342746
192 0.347907
193 0.362167
194 0.343098
195 0.361649
196 0.358820
197 0.365872
198 0.372680
199 0.377005
200 0.378026
201 0.376860
202 0.353588
203 0.395940
204 0.366270
205 0.355025
206 0.361413
207 0.375391
208 0.410373
209 0.375373
210 0.402400
211 0.399146
212 0.373814
213 0.402885
214 0.396088
215 0.409668
216 0.387851
217 0.409033
218 0.379631
219 0.412110
220 0.410312
221 0.405657
222 0.411609
223 0.396523
224 0.419522
225 0.415765
226 0.415877
227 0.426753
228 0.415644
229 0.427899
230 0.456059
231 0.424710
232 0.434708
233 0.437645
234 0.429170
235 0.414695
236 0.443803
237 0.445108
238 0.438911
239 0.440861
240 0.444679
241 0.453473
242 0.425417
243 0.466477
244 0.463949
245 0.456824
246 0.453475
247 0.437480
248 0.473158
249 0.471999
250 0.448760
251 0.461897
252 0.456289
253 0.482146
254 0.482410
255 0.452931
256 0.469728
257 0.463863
258 0.442162
259 0.451352
260 0.503168
261 0.479312
262 0.480058
263 0.493236
264 0.491025
265 0.505229
266 0.474944
267 0.506598
268 0.519614
269 0.519431
270 0.505673
271 0.523830
272 0.525026
273 0.497619
274 0.532080
275 0.524067
276 0.493467
277 0.541247
278 0.522806
279 0.510908
280 0.551236
281 0.541633
282 0.517818
283 0.570641
284 0.561816
285 0.530024
286 0.552132
287 0.523382
288 0.592092
289 0.517468
290 0.570612
291 0.563679
292 0.568581
293 0.580163
294 0.528448
295 0.566495
296 0.590076
297 0.579647
298 0.531081
299 0.541869
300 0.596135
301 0.588579
302 0.596312
303 0.600784
304 0.587766
305 0.595279
306 0.593019
307 0.590437
308 0.624123
309 0.598712
310 0.593196
311 0.606114
312 0.625039
313 0.626079
314 0.576531
315 0.581598
316 0.613574
317 0.626844
318 0.637343
319 0.632969
320 0.590188
321 0.637689
322 0.618877
323 0.588377
324 0.640614
325 0.616658
326 0.636350
327 0.662446
328 0.644951
329 0.651454
330 0.627922
331 0.679078
332 0.648313
333 0.643801
334 0.657987
335 0.638488
336 0.670530
337 0.678451
338 0.618981
339 0.679713
340 0.654053
341 0.681007
342 0.682639
343 0.680621
344 0.704076
345 0.708109
346 0.689263
347 0.704724
348 0.676720
349 0.707003
350 0.709392
