   1 |   0.002452 |   0.016949 |   0.14 
   2 |   0.015064 |   0.003602 |   4.18 
   3 |   0.004219 |   0.014457 |   0.29 
   4 |   0.019162 |   0.007504 |   2.55 
   5 |   0.004434 |   0.007406 |   0.60 
   6 |   0.006718 |   0.008773 |   0.77 
   7 |   0.019551 |   0.009528 |   2.05 
   8 |   0.006109 |   0.015925 |   0.38 
   9 |   0.006591 |   0.011342 |   0.58 
  10 |   0.007205 |   0.024877 |   0.29 
  11 |   0.009015 |   0.016401 |   0.55 
  12 |   0.008778 |   0.023552 |   0.37 
  13 |   0.008622 |   0.018064 |   0.48 
  14 |   0.013063 |   0.022171 |   0.59 
  15 |   0.019280 |   0.030026 |   0.64 
  16 |   0.010054 |   0.023426 |   0.43 
  17 |   0.012117 |   0.025541 |   0.47 
  18 |   0.017861 |   0.028798 |   0.62 
  19 |   0.013499 |   0.032562 |   0.41 
  20 |   0.016358 |   0.033960 |   0.48 
  21 |   0.013956 |   0.034440 |   0.41 
  22 |   0.017048 |   0.037332 |   0.46 
  23 |   0.018577 |   0.031213 |   0.60 
  24 |   0.027118 |   0.037187 |   0.73 
  25 |   0.019324 |   0.041407 |   0.47 
  26 |   0.019712 |   0.044714 |   0.44 
  27 |   0.021205 |   0.050368 |   0.42 
  28 |   0.020786 |   0.039959 |   0.52 
  29 |   0.021939 |   0.040794 |   0.54 
  30 |   0.028067 |   0.043325 |   0.65 
  31 |   0.028330 |   0.052341 |   0.54 
  32 |   0.026876 |   0.046297 |   0.58 
  33 |   0.028731 |   0.050187 |   0.57 
  34 |   0.030081 |   0.057600 |   0.52 
  35 |   0.041050 |   0.058051 |   0.71 
  36 |   0.028895 |   0.051655 |   0.56 
  37 |   0.030711 |   0.061151 |   0.50 
  38 |   0.041896 |   0.052007 |   0.81 
  39 |   0.032992 |   0.062525 |   0.53 
  40 |   0.053689 |   0.062861 |   0.85 
  41 |   0.047833 |   0.076677 |   0.62 
  42 |   0.048751 |   0.068710 |   0.71 
  43 |   0.045144 |   0.067697 |   0.67 
  44 |   0.044671 |   0.069683 |   0.64 
  45 |   0.043880 |   0.072313 |   0.61 
  46 |   0.051954 |   0.064127 |   0.81 
  47 |   0.062564 |   0.081675 |   0.77 
  48 |   0.043931 |   0.068699 |   0.64 
  49 |   0.055279 |   0.070143 |   0.79 
  50 |   0.058750 |   0.093525 |   0.63 
  51 |   0.050366 |   0.077292 |   0.65 
  52 |   0.057574 |   0.092774 |   0.62 
  53 |   0.065399 |   0.091359 |   0.72 
  54 |   0.060874 |   0.092709 |   0.66 
  55 |   0.063567 |   0.089545 |   0.71 
  56 |   0.061698 |   0.093165 |   0.66 
  57 |   0.075585 |   0.090209 |   0.84 
  58 |   0.068702 |   0.089821 |   0.76 
  59 |   0.076866 |   0.101203 |   0.76 
  60 |   0.073758 |   0.097517 |   0.76 
  61 |   0.070894 |   0.093598 |   0.76 
  62 |   0.075292 |   0.105645 |   0.71 
  63 |   0.082575 |   0.100675 |   0.82 
  64 |   0.081577 |   0.098141 |   0.83 
  65 |   0.077711 |   0.104216 |   0.75 
  66 |   0.078274 |   0.108436 |   0.72 
  67 |   0.088160 |   0.102711 |   0.86 
  68 |   0.093166 |   0.110696 |   0.84 
  69 |   0.097725 |   0.114804 |   0.85 
  70 |   0.098737 |   0.119168 |   0.83 
  71 |   0.102728 |   0.121134 |   0.85 
  72 |   0.096811 |   0.121763 |   0.80 
  73 |   0.100778 |   0.124799 |   0.81 
  74 |   0.099005 |   0.131238 |   0.75 
  75 |   0.110673 |   0.130145 |   0.85 
  76 |   0.102485 |   0.134809 |   0.76 
  77 |   0.114105 |   0.130764 |   0.87 
  78 |   0.114316 |   0.133516 |   0.86 
  79 |   0.124371 |   0.133625 |   0.93 
  80 |   0.119316 |   0.135761 |   0.88 
  81 |   0.124620 |   0.140591 |   0.89 
  82 |   0.117880 |   0.146831 |   0.80 
  83 |   0.128625 |   0.139817 |   0.92 
  84 |   0.127864 |   0.145714 |   0.88 
  85 |   0.129186 |   0.152378 |   0.85 
  86 |   0.137110 |   0.151140 |   0.91 
  87 |   0.141018 |   0.138041 |   1.02 
  88 |   0.143875 |   0.154868 |   0.93 
  89 |   0.146444 |   0.148940 |   0.98 
  90 |   0.141429 |   0.157035 |   0.90 
  91 |   0.146701 |   0.153436 |   0.96 
  92 |   0.156506 |   0.160739 |   0.97 
  93 |   0.150525 |   0.159151 |   0.95 
  94 |   0.148540 |   0.160939 |   0.92 
  95 |   0.154510 |   0.171373 |   0.90 
  96 |   0.166612 |   0.149212 |   1.12 
  97 |   0.149510 |   0.158013 |   0.95 
  98 |   0.157399 |   0.155499 |   1.01 
  99 |   0.161524 |   0.172165 |   0.94 
 100 |   0.168137 |   0.177533 |   0.95 
 101 |   0.171174 |   0.172032 |   1.00 
 102 |   0.178064 |   0.175088 |   1.02 
 103 |   0.168133 |   0.164134 |   1.02 
 104 |   0.176722 |   0.163911 |   1.08 
 105 |   0.185147 |   0.185019 |   1.00 
 106 |   0.200642 |   0.185675 |   1.08 
 107 |   0.192986 |   0.185420 |   1.04 
 108 |   0.198815 |   0.182701 |   1.09 
 109 |   0.196672 |   0.177487 |   1.11 
 110 |   0.212531 |   0.190495 |   1.12 
 111 |   0.214505 |   0.193668 |   1.11 
 112 |   0.210684 |   0.201675 |   1.04 
 113 |   0.222241 |   0.204247 |   1.09 
 114 |   0.221229 |   0.211115 |   1.05 
 115 |   0.223007 |   0.199928 |   1.12 
 116 |   0.222200 |   0.212904 |   1.04 
 117 |   0.230055 |   0.202970 |   1.13 
 118 |   0.227770 |   0.206616 |   1.10 
 119 |   0.234211 |   0.200524 |   1.17 
 120 |   0.257622 |   0.203134 |   1.27 
 121 |   0.246082 |   0.215064 |   1.14 
 122 |   0.259325 |   0.218532 |   1.19 
 123 |   0.252480 |   0.224121 |   1.13 
 124 |   0.246626 |   0.272431 |   0.91 
 125 |   0.239068 |   0.206287 |   1.16 
 126 |   0.240050 |   0.198982 |   1.21 
 127 |   0.245069 |   0.201276 |   1.22 
 128 |   0.249240 |   0.204849 |   1.22 
 129 |   0.261388 |   0.229704 |   1.14 
 130 |   0.286726 |   0.231352 |   1.24 
 131 |   0.285520 |   0.222798 |   1.28 
 132 |   0.271692 |   0.246736 |   1.10 
 133 |   0.293392 |   0.241239 |   1.22 
 134 |   0.276618 |   0.225017 |   1.23 
 135 |   0.273383 |   0.229927 |   1.19 
 136 |   0.295115 |   0.241987 |   1.22 
 137 |   0.318410 |   0.262332 |   1.21 
 138 |   0.289558 |   0.226498 |   1.28 
 139 |   0.302250 |   0.240234 |   1.26 
 140 |   0.307278 |   0.249473 |   1.23 
 141 |   0.327289 |   0.269351 |   1.22 
 142 |   0.311365 |   0.257617 |   1.21 
 143 |   0.319924 |   0.250919 |   1.28 
 144 |   0.317343 |   0.250044 |   1.27 
 145 |   0.333599 |   0.254734 |   1.31 
 146 |   0.347873 |   0.283096 |   1.23 
 147 |   0.346321 |   0.289465 |   1.20 
 148 |   0.337241 |   0.251957 |   1.34 
 149 |   0.349042 |   0.268050 |   1.30 
 150 |   0.371311 |   0.251557 |   1.48 
 151 |   0.346461 |   0.265819 |   1.30 
 152 |   0.372275 |   0.279307 |   1.33 
 153 |   0.364277 |   0.265012 |   1.37 
 154 |   0.364023 |   0.291949 |   1.25 
 155 |   0.352478 |   0.274254 |   1.29 
 156 |   0.368177 |   0.284631 |   1.29 
 157 |   0.394754 |   0.278590 |   1.42 
 158 |   0.376580 |   0.286823 |   1.31 
 159 |   0.395382 |   0.284238 |   1.39 
 160 |   0.392226 |   0.293469 |   1.34 
 161 |   0.409242 |   0.292942 |   1.40 
 162 |   0.416676 |   0.285067 |   1.46 
 163 |   0.435100 |   0.291361 |   1.49 
 164 |   0.414107 |   0.299634 |   1.38 
 165 |   0.424622 |   0.306200 |   1.39 
 166 |   0.410791 |   0.294309 |   1.40 
 167 |   0.412622 |   0.301490 |   1.37 
 168 |   0.436092 |   0.295172 |   1.48 
 169 |   0.454357 |   0.290261 |   1.57 
 170 |   0.445025 |   0.316735 |   1.41 
 171 |   0.422955 |   0.302795 |   1.40 
 172 |   0.442769 |   0.291981 |   1.52 
 173 |   0.475689 |   0.325938 |   1.46 
 174 |   0.484347 |   0.314429 |   1.54 
 175 |   0.479901 |   0.328764 |   1.46 
 176 |   0.479474 |   0.327550 |   1.46 
 177 |   0.493294 |   0.334174 |   1.48 
 178 |   0.487833 |   0.325553 |   1.50 
 179 |   0.471708 |   0.333053 |   1.42 
 180 |   0.498418 |   0.336780 |   1.48 
 181 |   0.460105 |   0.335137 |   1.37 
 182 |   0.495001 |   0.319758 |   1.55 
 183 |   0.537322 |   0.331107 |   1.62 
 184 |   0.477788 |   0.307757 |   1.55 
 185 |   0.504661 |   0.332698 |   1.52 
 186 |   0.521567 |   0.338421 |   1.54 
 187 |   0.531459 |   0.356582 |   1.49 
 188 |   0.544447 |   0.348823 |   1.56 
 189 |   0.546371 |   0.347381 |   1.57 
 190 |   0.535655 |   0.345012 |   1.55 
 191 |   0.555261 |   0.342746 |   1.62 
 192 |   0.554849 |   0.347907 |   1.59 
 193 |   0.594384 |   0.362167 |   1.64 
 194 |   0.561546 |   0.343098 |   1.64 
 195 |   0.568716 |   0.361649 |   1.57 
 196 |   0.580502 |   0.358820 |   1.62 
 197 |   0.608364 |   0.365872 |   1.66 
 198 |   0.592520 |   0.372680 |   1.59 
 199 |   0.590662 |   0.377005 |   1.57 
 200 |   0.599910 |   0.378026 |   1.59 
 201 |   0.588747 |   0.376860 |   1.56 
 202 |   0.587045 |   0.353588 |   1.66 
 203 |   0.599209 |   0.395940 |   1.51 
 204 |   0.583855 |   0.366270 |   1.59 
 205 |   0.620281 |   0.355025 |   1.75 
 206 |   0.629000 |   0.361413 |   1.74 
 207 |   0.633293 |   0.375391 |   1.69 
 208 |   0.640241 |   0.410373 |   1.56 
 209 |   0.657980 |   0.375373 |   1.75 
 210 |   0.669410 |   0.402400 |   1.66 
 211 |   0.672784 |   0.399146 |   1.69 
 212 |   0.636106 |   0.373814 |   1.70 
 213 |   0.678579 |   0.402885 |   1.68 
 214 |   0.672838 |   0.396088 |   1.70 
 215 |   0.681948 |   0.409668 |   1.66 
 216 |   0.696560 |   0.387851 |   1.80 
 217 |   0.664208 |   0.409033 |   1.62 
 218 |   0.665301 |   0.379631 |   1.75 
 219 |   0.713382 |   0.412110 |   1.73 
 220 |   0.731052 |   0.410312 |   1.78 
 221 |   0.732129 |   0.405657 |   1.80 
 222 |   0.733888 |   0.411609 |   1.78 
 223 |   0.703022 |   0.396523 |   1.77 
 224 |   0.751241 |   0.419522 |   1.79 
 225 |   0.765271 |   0.415765 |   1.84 
 226 |   0.730393 |   0.415877 |   1.76 
 227 |   0.762439 |   0.426753 |   1.79 
 228 |   0.776171 |   0.415644 |   1.87 
 229 |   0.760187 |   0.427899 |   1.78 
 230 |   0.794249 |   0.456059 |   1.74 
 231 |   0.877129 |   0.424710 |   2.07 
 232 |   0.777972 |   0.434708 |   1.79 
 233 |   0.802732 |   0.437645 |   1.83 
 234 |   0.806636 |   0.429170 |   1.88 
 235 |   0.784443 |   0.414695 |   1.89 
 236 |   0.806038 |   0.443803 |   1.82 
 237 |   0.827709 |   0.445108 |   1.86 
 238 |   0.826765 |   0.438911 |   1.88 
 239 |   0.846591 |   0.440861 |   1.92 
 240 |   0.865670 |   0.444679 |   1.95 
 241 |   0.852627 |   0.453473 |   1.88 
 242 |   0.869602 |   0.425417 |   2.04 
 243 |   0.853164 |   0.466477 |   1.83 
 244 |   0.877618 |   0.463949 |   1.89 
 245 |   0.881490 |   0.456824 |   1.93 
 246 |   0.899165 |   0.453475 |   1.98 
 247 |   0.866963 |   0.437480 |   1.98 
 248 |   0.903854 |   0.473158 |   1.91 
 249 |   0.934900 |   0.471999 |   1.98 
 250 |   0.875051 |   0.448760 |   1.95 
 251 |   0.909642 |   0.461897 |   1.97 
 252 |   0.914657 |   0.456289 |   2.00 
 253 |   0.944539 |   0.482146 |   1.96 
 254 |   0.952363 |   0.482410 |   1.97 
 255 |   0.906047 |   0.452931 |   2.00 
 256 |   0.932708 |   0.469728 |   1.99 
 257 |   0.930223 |   0.463863 |   2.01 
 258 |   0.964149 |   0.442162 |   2.18 
 259 |   0.951549 |   0.451352 |   2.11 
 260 |   0.921667 |   0.503168 |   1.83 
 261 |   0.996878 |   0.479312 |   2.08 
 262 |   0.994107 |   0.480058 |   2.07 
 263 |   0.948486 |   0.493236 |   1.92 
 264 |   1.002655 |   0.491025 |   2.04 
 265 |   1.022635 |   0.505229 |   2.02 
 266 |   1.006514 |   0.474944 |   2.12 
 267 |   0.987616 |   0.506598 |   1.95 
 268 |   1.033802 |   0.519614 |   1.99 
 269 |   1.053105 |   0.519431 |   2.03 
 270 |   0.997454 |   0.505673 |   1.97 
 271 |   1.059998 |   0.523830 |   2.02 
 272 |   1.101478 |   0.525026 |   2.10 
 273 |   1.062832 |   0.497619 |   2.14 
 274 |   1.089698 |   0.532080 |   2.05 
 275 |   1.119660 |   0.524067 |   2.14 
 276 |   1.114114 |   0.493467 |   2.26 
 277 |   1.105733 |   0.541247 |   2.04 
 278 |   1.134916 |   0.522806 |   2.17 
 279 |   1.162815 |   0.510908 |   2.28 
 280 |   1.124944 |   0.551236 |   2.04 
 281 |   1.091975 |   0.541633 |   2.02 
 282 |   1.160321 |   0.517818 |   2.24 
 283 |   1.102016 |   0.570641 |   1.93 
 284 |   1.179393 |   0.561816 |   2.10 
 285 |   1.186996 |   0.530024 |   2.24 
 286 |   1.192647 |   0.552132 |   2.16 
 287 |   1.168254 |   0.523382 |   2.23 
 288 |   1.199517 |   0.592092 |   2.03 
 289 |   1.137882 |   0.517468 |   2.20 
 290 |   1.197956 |   0.570612 |   2.10 
 291 |   1.238820 |   0.563679 |   2.20 
 292 |   1.228531 |   0.568581 |   2.16 
 293 |   1.204345 |   0.580163 |   2.08 
 294 |   1.235373 |   0.528448 |   2.34 
 295 |   1.222848 |   0.566495 |   2.16 
 296 |   1.282674 |   0.590076 |   2.17 
 297 |   1.256424 |   0.579647 |   2.17 
 298 |   1.192306 |   0.531081 |   2.25 
 299 |   1.273092 |   0.541869 |   2.35 
 300 |   1.281146 |   0.596135 |   2.15 
 301 |   1.324646 |   0.588579 |   2.25 
 302 |   1.303971 |   0.596312 |   2.19 
 303 |   1.335259 |   0.600784 |   2.22 
 304 |   1.334774 |   0.587766 |   2.27 
 305 |   1.286292 |   0.595279 |   2.16 
 306 |   1.354559 |   0.593019 |   2.28 
 307 |   1.360919 |   0.590437 |   2.30 
 308 |   1.364272 |   0.624123 |   2.19 
 309 |   1.383070 |   0.598712 |   2.31 
 310 |   1.302632 |   0.593196 |   2.20 
 311 |   1.387622 |   0.606114 |   2.29 
 312 |   1.419409 |   0.625039 |   2.27 
 313 |   1.413859 |   0.626079 |   2.26 
 314 |   1.342450 |   0.576531 |   2.33 
 315 |   1.411316 |   0.581598 |   2.43 
 316 |   1.404127 |   0.613574 |   2.29 
 317 |   1.446411 |   0.626844 |   2.31 
 318 |   1.476642 |   0.637343 |   2.32 
 319 |   1.459099 |   0.632969 |   2.31 
 320 |   1.438210 |   0.590188 |   2.44 
 321 |   1.452941 |   0.637689 |   2.28 
 322 |   1.496648 |   0.618877 |   2.42 
 323 |   1.461011 |   0.588377 |   2.48 
 324 |   1.471524 |   0.640614 |   2.30 
 325 |   1.522180 |   0.616658 |   2.47 
 326 |   1.508043 |   0.636350 |   2.37 
 327 |   1.541750 |   0.662446 |   2.33 
 328 |   1.488935 |   0.644951 |   2.31 
 329 |   1.544654 |   0.651454 |   2.37 
 330 |   1.549553 |   0.627922 |   2.47 
 331 |   1.533520 |   0.679078 |   2.26 
 332 |   1.576182 |   0.648313 |   2.43 
 333 |   1.585478 |   0.643801 |   2.46 
 334 |   1.612128 |   0.657987 |   2.45 
 335 |   1.551168 |   0.638488 |   2.43 
 336 |   1.606434 |   0.670530 |   2.40 
 337 |   1.645525 |   0.678451 |   2.43 
 338 |   1.592724 |   0.618981 |   2.57 
 339 |   1.577644 |   0.679713 |   2.32 
 340 |   1.638206 |   0.654053 |   2.50 
 341 |   1.616119 |   0.681007 |   2.37 
 342 |   1.700696 |   0.682639 |   2.49 
 343 |   1.669108 |   0.680621 |   2.45 
 344 |   1.668381 |   0.704076 |   2.37 
 345 |   1.675243 |   0.708109 |   2.37 
 346 |   1.684940 |   0.689263 |   2.44 
 347 |   1.707206 |   0.704724 |   2.42 
 348 |   1.762824 |   0.676720 |   2.60 
 349 |   1.717019 |   0.707003 |   2.43 
 350 |   1.761885 |   0.709392 |   2.48